FileCtl:00000 06040 06060 06080 FFFFF 00000 FFFFF 00000 FFFFF 00000 
Begin Norm:3007,#0,0017
VIfact:0010,0010
Int:0900
Tmode-Fdrs:00000001b,1
Data:
15004,6450,74,20,93,842,824,834,442,173,240,88,00000001,00,00
15004,6600,192,76,249,2430,2383,2414,1231,500,625,206,00000001,00,00
15004,6750,139,35,370,2431,2372,2398,1281,500,15,400,00000001,00,00
15004,6900,148,294,205,2424,2363,2405,1533,500,656,256,00000001,00,00
15004,7050,150,330,133,2424,2369,2418,1448,500,736,259,00000001,00,00
15004,7200,125,245,117,2411,2361,2405,1140,499,133,197,00000001,00,00
15004,7350,130,143,108,2404,2353,2397,881,499,212,91,00000001,00,00
15004,7500,100,144,101,2395,2334,2389,800,500,878,86,00000001,00,00
15004,7650,166,108,129,2392,2333,2384,935,500,711,116,00000001,00,00
15004,7800,141,68,82,2390,2339,2382,656,500,1130,123,00000001,00,00
15004,7950,78,66,126,2394,2340,2385,594,500,1172,108,00000001,00,00
15004,8100,47,104,209,2409,2353,2398,827,500,931,171,00000001,00,00
15004,8250,45,95,96,2400,2348,2398,511,500,1057,91,00000001,00,00
15004,8400,48,131,121,2403,2346,2402,670,500,1276,156,00000001,00,00
15004,8550,52,222,72,2400,2344,2400,779,500,992,204,00000001,00,00
15004,8700,72,220,197,2402,2349,2400,1133,499,787,163,00000001,00,00
15004,8850,119,194,180,2396,2348,2386,1148,499,765,123,00000001,00,00
15004,9000,61,217,70,2394,2345,2391,771,500,1240,197,00000001,00,00
15004,9150,56,187,77,2373,2325,2368,701,499,1256,184,00000001,00,00
15004,9300,49,32,115,2385,2335,2371,403,500,1256,109,00000001,00,00
15004,9450,116,29,59,2384,2331,2372,420,499,1093,102,00000001,00,00
15004,9600,135,28,76,2379,2325,2367,511,499,1089,122,00000001,00,00
15004,9750,70,30,77,2381,2319,2367,373,499,854,76,00000001,00,00
15004,9900,33,27,40,2392,2331,2371,235,499,1702,22,00000001,00,00
15004,10050,79,28,52,2389,2325,2369,352,500,955,72,00000001,00,00
15004,10200,32,27,39,2386,2325,2371,231,500,151,21,00000001,00,00
15004,10350,32,27,39,2401,2330,2375,232,499,1674,22,00000001,00,00
15004,10500,31,28,39,2390,2314,2366,231,500,1746,23,00000001,00,00
15004,10650,30,26,41,2390,2312,2365,228,499,23,21,00000001,00,00
15004,10800,30,27,41,2387,2309,2363,230,499,342,23,00000001,00,00
15004,10950,32,28,41,2398,2321,2367,237,499,1670,24,00000001,00,00
15004,11100,32,28,40,2416,2328,2376,237,500,1660,24,00000001,00,00
15004,11250,33,26,41,2421,2337,2383,237,500,1674,22,00000001,00,00
15004,11400,32,26,41,2433,2350,2394,236,500,754,21,00000001,00,00
15004,11550,33,28,57,2439,2356,2402,265,499,60,44,00000001,00,00
15004,11700,33,28,40,2450,2366,2406,236,499,1692,24,00000001,00,00
15004,11850,32,28,40,2458,2370,2414,240,500,1693,23,00000001,00,00
15004,12000,31,25,40,2444,2356,2403,231,500,1746,19,00000001,00,00
15004,12150,32,26,41,2449,2371,2420,233,500,1743,21,00000001,00,00
15004,12300,32,28,40,2442,2359,2405,237,500,1750,23,00000001,00,00
15004,12450,33,29,40,2444,2364,2406,235,500,708,23,00000001,00,00
15004,12600,33,28,40,2445,2373,2409,234,500,1664,23,00000001,00,00
15004,12750,33,26,40,2450,2375,2416,238,500,1690,19,00000001,00,00
15004,12900,32,28,40,2445,2368,2406,238,500,1633,22,00000001,00,00
15004,13050,31,29,40,2451,2379,2415,241,500,1679,23,00000001,00,00
15004,13200,32,29,40,2429,2358,2394,235,500,1222,23,00000001,00,00
15004,13350,34,28,40,2445,2373,2413,225,499,466,23,00000001,00,00
15004,13500,32,26,57,2454,2390,2422,269,500,1328,42,00000001,00,00
15004,13650,31,28,41,2458,2393,2425,239,500,1707,22,00000001,00,00
15004,13800,32,29,40,2448,2385,2416,239,500,1685,23,00000001,00,00
15004,13950,33,29,40,2438,2376,2406,235,499,1697,23,00000001,00,00
15004,14100,32,29,40,2446,2388,2416,236,500,1676,23,00000001,00,00
15004,14250,33,27,40,2454,2394,2420,238,500,1432,20,00000001,00,00
15005,00,32,28,41,2462,2401,2428,240,499,491,22,00000001,00,00
15005,150,33,30,42,2445,2386,2415,219,500,1690,24,00000001,00,00
15005,300,32,30,42,2446,2386,2411,218,499,1615,27,00000001,00,00
15005,450,32,29,43,2449,2389,2415,212,499,1660,30,00000001,00,00
15005,600,33,28,43,2454,2396,2422,198,499,1564,29,00000001,00,00
15005,750,33,26,42,2412,2359,2394,236,500,1717,23,00000001,00,00
15005,900,33,28,40,2411,2355,2385,239,500,1675,22,00000001,00,00
15005,1050,32,29,55,2427,2366,2394,269,499,1269,43,00000001,00,00
15005,1200,31,29,40,2431,2370,2395,237,499,1649,22,00000001,00,00
15005,1350,32,29,41,2423,2360,2386,237,499,1669,23,00000001,00,00
15005,1500,32,26,40,2427,2362,2382,234,499,1665,19,00000001,00,00
15005,1650,31,27,39,2433,2366,2388,232,499,149,18,00000001,00,00
15005,1800,30,29,39,2436,2371,2394,237,499,1713,19,00000001,00,00
15005,1950,33,29,39,2437,2375,2402,236,499,316,21,00000001,00,00
15005,2100,33,29,40,2435,2377,2408,234,499,1433,21,00000001,00,00
15005,2250,33,29,39,2439,2382,2407,236,499,448,19,00000001,00,00
15005,2400,33,26,40,2449,2392,2419,238,499,180,17,00000001,00,00
15005,2550,32,27,40,2447,2391,2421,233,499,1416,18,00000001,00,00
15005,2700,34,27,40,2450,2394,2422,231,499,1724,18,00000001,00,00
15005,2850,33,28,56,2453,2396,2424,260,499,1602,42,00000001,00,00
15005,3000,33,29,40,2450,2395,2425,210,499,526,21,00000001,00,00
15005,3150,34,29,40,2445,2393,2422,208,499,1600,22,00000001,00,00
15005,3300,34,28,39,2442,2387,2417,224,499,151,19,00000001,00,00
15005,3450,32,26,40,2431,2380,2404,235,499,730,16,00000001,00,00
15005,3600,33,28,40,2421,2369,2395,238,500,72,19,00000001,00,00
15005,3750,33,29,39,2410,2356,2384,240,499,369,20,00000001,00,00
15005,3900,33,29,40,2412,2354,2383,239,499,1651,21,00000001,00,00
15005,4050,35,29,39,2416,2356,2383,220,499,336,22,00000001,00,00
15005,4200,34,28,117,2414,2341,2370,380,499,1302,120,00000001,00,00
15005,4350,34,26,139,2416,2339,2371,438,499,247,144,00000001,00,00
15005,4500,31,27,42,2421,2351,2381,238,499,709,23,00000001,00,00
15005,4650,31,29,59,2421,2356,2376,270,499,850,45,00000001,00,00
15005,4800,31,29,43,2419,2352,2376,242,499,1153,24,00000001,00,00
15005,4950,33,57,53,2401,2337,2364,311,500,1496,72,00000001,00,00
15005,5100,267,258,124,2418,2347,2382,1538,500,524,214,00000001,00,00
15005,5250,338,384,213,2444,2379,2415,2248,500,373,214,00000001,00,00
15005,5400,334,379,183,2418,2352,2392,2132,500,294,232,00000001,00,00
15005,5550,359,431,115,2415,2355,2398,2143,500,607,372,00000001,00,00
15005,5700,376,518,118,2406,2346,2392,2377,500,613,461,00000001,00,00
15005,5850,363,508,133,2410,2353,2396,2364,500,553,434,00000001,00,00
15005,6000,330,474,145,2414,2363,2403,2242,500,609,382,00000001,00,00
15005,6150,451,410,226,2397,2355,2392,2574,500,484,257,00000001,00,00
15005,6300,413,375,251,2409,2356,2389,2474,500,411,178,00000001,00,00
15005,6450,409,348,320,2410,2364,2390,2569,500,367,128,00000001,00,00
15005,6600,411,336,326,2410,2371,2387,2558,500,364,124,00000001,00,00
15005,6750,366,231,287,2405,2366,2382,2105,500,378,152,00000001,00,00
15005,6900,357,321,245,2410,2365,2394,2201,500,372,146,00000001,00,00
15005,7050,374,254,243,2417,2368,2392,2083,500,447,198,00000001,00,00
15005,7200,331,175,206,2427,2382,2409,1710,499,512,165,00000001,00,00
15005,7350,301,207,106,2425,2382,2415,1465,499,678,198,00000001,00,00
15005,7500,263,224,147,2401,2355,2382,1497,500,571,144,00000001,00,00
15005,7650,167,202,81,2385,2341,2373,1038,499,802,154,00000001,00,00
15005,7800,155,207,106,2381,2327,2363,1070,500,798,126,00000001,00,00
15005,7950,154,210,87,2382,2331,2368,1027,500,923,150,00000001,00,00
15005,8100,115,102,181,2398,2348,2378,918,500,802,136,00000001,00,00
15005,8250,112,176,98,2421,2370,2404,900,500,847,115,00000001,00,00
15005,8400,117,192,89,2418,2366,2402,933,500,788,135,00000001,00,00
15005,8550,161,174,95,2413,2365,2395,1011,500,765,133,00000001,00,00
15005,8700,243,120,172,2402,2360,2389,1261,500,628,138,00000001,00,00
15005,8850,232,156,159,2397,2357,2387,1286,501,622,144,00000001,00,00
15005,9000,195,195,205,2377,2336,2378,1389,500,583,133,00000001,00,00
15005,9150,186,192,116,2382,2341,2368,1138,500,752,143,00000001,00,00
15005,9300,41,113,129,2384,2327,2357,620,499,83,119,00000001,00,00
15005,9450,30,92,121,2405,2348,2379,534,499,554,100,00000001,00,00
15005,9600,85,93,86,2391,2339,2373,586,500,729,70,00000001,00,00
15005,9750,76,95,86,2373,2317,2361,576,500,1027,66,00000001,00,00
15005,9900,32,92,37,2386,2330,2363,332,499,1487,80,00000001,00,00
15005,10050,32,91,32,2390,2325,2361,329,499,1425,80,00000001,00,00
15005,10200,28,92,31,2397,2331,2370,306,500,1402,85,00000001,00,00
15005,10350,30,93,32,2392,2322,2369,336,500,1352,83,00000001,00,00
15005,10500,27,91,33,2388,2320,2369,322,499,1504,81,00000001,00,00
15005,10650,27,90,34,2437,2365,2408,331,500,1537,77,00000001,00,00
15005,10800,27,91,34,2436,2359,2404,329,499,1491,79,00000001,00,00
15005,10950,28,92,50,2438,2357,2403,380,499,447,80,00000001,00,00
15005,11100,27,90,35,2435,2364,2406,327,500,1510,77,00000001,00,00
15005,11250,27,90,34,2443,2364,2410,329,499,1564,77,00000001,00,00
15005,11400,28,90,34,2449,2370,2423,312,499,1544,81,00000001,00,00
15005,11550,28,92,35,2431,2355,2411,315,500,1507,84,00000001,00,00
15005,11700,27,90,34,2434,2359,2414,308,500,1520,80,00000001,00,00
15005,11850,27,90,34,2421,2344,2400,304,500,1519,81,00000001,00,00
15005,12000,27,91,33,2429,2352,2403,321,500,1519,82,00000001,00,00
15005,12150,28,90,34,2428,2357,2406,307,500,1497,83,00000001,00,00
15005,12300,26,89,34,2446,2369,2423,309,499,1514,79,00000001,00,00
15005,12450,26,89,34,2448,2372,2422,298,499,240,81,00000001,00,00
15005,12600,25,92,34,2435,2360,2415,312,500,1574,86,00000001,00,00
15005,12750,27,90,50,2439,2362,2410,349,500,96,83,00000001,00,00
15005,12900,25,90,34,2451,2373,2420,327,500,1552,78,00000001,00,00
15005,13050,23,90,34,2461,2370,2421,312,500,563,80,00000001,00,00
15005,13200,24,91,33,2454,2362,2418,325,501,1463,82,00000001,00,00
15005,13350,24,90,33,2452,2367,2419,318,501,1507,80,00000001,00,00
15005,13500,25,90,33,2442,2367,2415,323,500,1553,78,00000001,00,00
15005,13650,27,91,34,2432,2364,2409,330,499,1553,78,00000001,00,00
15005,13800,24,91,34,2436,2365,2408,325,500,1629,81,00000001,00,00
15005,13950,23,90,34,2436,2375,2409,310,500,03,80,00000001,00,00
15005,14100,23,91,34,2446,2383,2422,319,500,1597,80,00000001,00,00
15005,14250,24,91,33,2447,2381,2418,309,500,1531,83,00000001,00,00
15006,00,26,92,33,2450,2386,2419,319,500,1492,86,00000001,00,00
15006,150,26,91,34,2426,2360,2395,314,500,1459,82,00000001,00,00
15006,300,26,91,48,2415,2351,2388,343,499,1482,84,00000001,00,00
15006,450,27,92,34,2411,2348,2388,305,499,1526,84,00000001,00,00
15006,600,26,92,33,2419,2354,2391,310,500,1509,85,00000001,00,00
15006,750,26,91,34,2426,2363,2405,306,500,1511,82,00000001,00,00
15006,900,27,91,33,2443,2376,2417,316,500,1442,82,00000001,00,00
15006,1050,27,92,34,2446,2384,2421,315,499,1487,85,00000001,00,00
15006,1200,26,91,35,2454,2388,2425,317,499,1431,81,00000001,00,00
15006,1350,26,90,35,2456,2380,2421,316,499,1455,79,00000001,00,00
15006,1500,26,91,35,2460,2386,2423,333,499,1476,77,00000001,00,00
15006,1650,26,92,35,2464,2387,2424,345,499,1497,78,00000001,00,00
15006,1800,28,91,35,2466,2392,2429,349,499,1447,74,00000001,00,00
15006,1950,26,92,35,2423,2348,2385,334,499,1544,77,00000001,00,00
15006,2100,25,92,49,2416,2342,2381,360,499,1219,83,00000001,00,00
15006,2250,25,93,33,2417,2348,2379,325,499,1594,84,00000001,00,00
15006,2400,26,91,34,2428,2355,2392,310,500,1501,83,00000001,00,00
15006,2550,26,91,34,2420,2359,2393,309,500,1514,82,00000001,00,00
15006,2700,27,92,33,2418,2357,2392,311,499,1543,83,00000001,00,00
15006,2850,26,93,33,2410,2355,2394,315,499,1565,86,00000001,00,00
15006,3000,27,92,33,2416,2360,2394,304,499,1445,85,00000001,00,00
15006,3150,26,92,33,2416,2357,2392,312,499,1494,85,00000001,00,00
15006,3300,28,92,33,2412,2357,2394,305,500,1461,85,00000001,00,00
15006,3450,26,93,33,2409,2355,2392,313,500,1492,87,00000001,00,00
15006,3600,27,92,32,2401,2343,2378,301,499,1502,86,00000001,00,00
15006,3750,26,92,32,2400,2342,2378,303,499,1522,86,00000001,00,00
15006,3900,27,94,48,2393,2341,2377,354,500,843,88,00000001,00,00
15006,4050,26,94,33,2400,2347,2381,325,500,1600,86,00000001,00,00
15006,4200,26,93,106,2408,2346,2381,504,500,10,105,00000001,00,00
15006,4350,27,93,131,2425,2357,2389,584,500,858,110,00000001,00,00
15006,4500,26,94,36,2411,2345,2379,333,499,712,86,00000001,00,00
15006,4650,27,94,37,2401,2340,2376,338,500,979,87,00000001,00,00
15006,4800,25,94,36,2403,2336,2369,329,500,1085,87,00000001,00,00
15006,4950,34,318,159,2404,2336,2371,1187,499,735,303,00000001,00,00
15006,5100,319,579,188,2388,2333,2361,2552,499,335,449,00000001,00,00
15006,5250,329,578,222,2399,2345,2373,2667,499,380,410,00000001,00,00
15006,5400,383,581,232,2395,2338,2379,2818,499,407,404,00000001,00,00
15006,5550,449,482,220,2386,2339,2378,2708,499,457,317,00000001,00,00
15006,5700,386,484,158,2393,2343,2378,2421,499,507,379,00000001,00,00
15006,5850,389,441,117,2395,2349,2383,2218,499,551,399,00000001,00,00
15006,6000,396,411,162,2406,2372,2397,2282,500,586,322,00000001,00,00
15006,6150,424,398,227,2414,2376,2399,2504,500,418,226,00000001,00,00
15006,6300,342,381,228,2389,2352,2374,2245,500,410,198,00000001,00,00
15006,6450,277,357,196,2405,2358,2395,1966,500,495,216,00000001,00,00
15006,6600,307,304,236,2418,2375,2406,2024,500,460,110,00000001,00,00
15006,6750,225,231,349,2411,2362,2394,1917,500,448,189,00000001,00,00
15006,6900,237,238,190,2403,2360,2391,1570,500,544,113,00000001,00,00
15006,7050,241,236,130,2402,2366,2396,1427,500,616,159,00000001,00,00
15006,7200,209,214,183,2390,2356,2387,1424,500,650,98,00000001,00,00
15006,7350,197,226,152,2393,2353,2383,1330,500,748,118,00000001,00,00
15006,7500,191,242,152,2386,2350,2378,1358,500,568,127,00000001,00,00
15006,7650,98,206,146,2398,2358,2388,1039,500,663,117,00000001,00,00
15006,7800,53,267,224,2395,2352,2387,1259,500,738,214,00000001,00,00
15006,7950,49,272,126,2403,2357,2394,1020,500,969,243,00000001,00,00
15006,8100,40,115,133,2416,2369,2405,634,500,1266,104,00000001,00,00
15006,8250,39,91,93,2413,2374,2403,477,500,1126,70,00000001,00,00
15006,8400,41,98,111,2397,2356,2375,550,500,1032,87,00000001,00,00
15006,8550,160,106,113,2383,2336,2370,865,499,821,92,00000001,00,00
15006,8700,172,102,90,2383,2331,2369,827,499,839,96,00000001,00,00
15006,8850,137,76,137,2386,2331,2372,790,499,876,114,00000001,00,00
15006,9000,94,68,77,2396,2339,2381,514,500,59,42,00000001,00,00
15006,9150,82,60,58,2392,2340,2375,424,499,766,33,00000001,00,00
15006,9300,52,28,101,2389,2332,2365,387,499,770,94,00000001,00,00
15006,9450,44,23,104,2391,2329,2367,375,499,512,101,00000001,00,00
15006,9600,36,22,52,2390,2328,2363,248,499,1558,42,00000001,00,00
15006,9750,31,22,76,2401,2335,2373,289,500,826,75,00000001,00,00
15006,9900,30,21,47,2401,2332,2373,217,500,1605,37,00000001,00,00
15006,10050,32,21,29,2412,2340,2383,197,500,529,18,00000001,00,00
15006,10200,30,23,30,2405,2332,2373,196,500,1739,17,00000001,00,00
15006,10350,29,22,29,2406,2338,2375,191,500,393,16,00000001,00,00
15006,10500,30,20,31,2393,2328,2365,191,499,498,15,00000001,00,00
15006,10650,29,23,32,2452,2385,2420,203,499,1770,20,00000001,00,00
15006,10800,30,22,31,2463,2388,2421,202,500,1760,17,00000001,00,00
15006,10950,29,21,31,2471,2383,2423,197,500,195,15,00000001,00,00
15006,11100,30,22,47,2469,2377,2414,229,500,230,37,00000001,00,00
15006,11250,30,23,31,2462,2375,2416,203,500,1802,18,00000001,00,00
15006,11400,30,23,31,2459,2369,2417,204,500,1828,18,00000001,00,00
15006,11550,29,21,31,2444,2358,2402,196,500,1340,15,00000001,00,00
15006,11700,29,23,31,2457,2377,2410,203,500,69,18,00000001,00,00
15006,11850,30,23,31,2465,2383,2423,205,500,563,19,00000001,00,00
15006,12000,33,23,32,2438,2357,2398,209,499,188,21,00000001,00,00
15006,12150,31,21,33,2442,2367,2415,204,499,1805,18,00000001,00,00
15006,12300,30,22,32,2449,2374,2420,205,499,1800,19,00000001,00,00
15006,12450,28,23,32,2454,2383,2419,199,500,464,18,00000001,00,00
15006,12600,31,23,32,2437,2368,2412,207,499,1119,20,00000001,00,00
15006,12750,29,21,32,2446,2372,2415,198,499,486,16,00000001,00,00
15006,12900,28,23,48,2439,2367,2411,231,499,588,38,00000001,00,00
15006,13050,28,23,32,2447,2374,2420,201,499,316,18,00000001,00,00
15006,13200,29,23,33,2448,2377,2424,205,500,32,19,00000001,00,00
15006,13350,31,21,32,2424,2358,2399,201,500,310,17,00000001,00,00
15006,13500,30,23,32,2425,2361,2393,202,500,1749,19,00000001,00,00
15006,13650,28,23,32,2442,2371,2411,200,500,648,18,00000001,00,00
15006,13800,29,22,32,2454,2383,2423,200,500,1806,16,00000001,00,00
15006,13950,29,21,32,2455,2380,2417,197,499,243,14,00000001,00,00
15006,14100,28,23,32,2453,2379,2418,201,500,1658,18,00000001,00,00
15006,14250,28,25,32,2460,2389,2424,206,500,1733,15,00000001,00,00
15007,00,27,24,32,2460,2390,2431,202,499,1740,16,00000001,00,00
15007,150,28,25,33,2453,2378,2421,208,499,1724,12,00000001,00,00
15007,300,28,26,48,2445,2362,2405,237,499,322,33,00000001,00,00
15007,450,28,25,32,2453,2374,2412,207,499,1688,15,00000001,00,00
15007,600,28,24,32,2448,2371,2417,203,499,1720,16,00000001,00,00
15007,750,28,23,31,2443,2366,2410,198,500,01,12,00000001,00,00
15007,900,28,22,31,2439,2362,2406,196,499,864,12,00000001,00,00
15007,1050,28,24,31,2437,2363,2404,200,500,1586,13,00000001,00,00
15007,1200,29,24,31,2437,2360,2405,204,499,489,15,00000001,00,00
15007,1350,28,24,31,2439,2358,2401,199,500,408,13,00000001,00,00
15007,1500,28,23,31,2444,2362,2402,196,500,603,13,00000001,00,00
15007,1650,27,25,31,2445,2363,2404,198,500,40,15,00000001,00,00
15007,1800,27,25,31,2450,2367,2410,198,500,214,15,00000001,00,00
15007,1950,26,25,31,2447,2366,2407,196,500,04,14,00000001,00,00
15007,2100,29,23,47,2443,2361,2407,233,499,206,33,00000001,00,00
15007,2250,27,24,31,2436,2358,2404,199,499,88,15,00000001,00,00
15007,2400,27,25,31,2429,2360,2402,199,500,1774,15,00000001,00,00
15007,2550,27,24,31,2423,2351,2394,197,499,505,14,00000001,00,00
15007,2700,27,23,31,2417,2347,2388,194,499,483,12,00000001,00,00
15007,2850,28,23,31,2433,2362,2404,198,500,105,12,00000001,00,00
15007,3000,29,25,32,2436,2368,2411,207,500,375,16,00000001,00,00
15007,3150,29,25,31,2441,2369,2413,204,499,1580,15,00000001,00,00
15007,3300,28,25,31,2445,2374,2416,203,499,76,14,00000001,00,00
15007,3450,28,23,31,2433,2362,2408,196,499,794,11,00000001,00,00
15007,3600,28,24,31,2425,2355,2402,199,499,1762,12,00000001,00,00
15007,3750,28,25,31,2423,2352,2398,201,499,1754,14,00000001,00,00
15007,3900,29,25,47,2419,2353,2395,228,499,226,35,00000001,00,00
15007,4050,28,25,31,2417,2349,2393,200,500,290,13,00000001,00,00
15007,4200,29,24,31,2405,2338,2382,201,500,1361,13,00000001,00,00
15007,4350,28,23,31,2410,2342,2383,195,499,1140,11,00000001,00,00
15007,4500,28,24,31,2407,2334,2378,199,499,698,12,00000001,00,00
15007,4650,30,26,31,2401,2327,2370,205,499,1183,17,00000001,00,00
15007,4800,26,26,31,2409,2338,2381,197,499,399,15,00000001,00,00
15007,4950,25,24,30,2416,2347,2390,188,500,705,11,00000001,00,00
15007,5100,23,24,30,2464,2389,2431,186,500,153,10,00000001,00,00
15007,5250,23,26,31,2453,2380,2413,191,499,03,16,00000001,00,00
15007,5400,22,26,30,2458,2383,2419,190,499,78,16,00000001,00,00
15007,5550,25,26,31,2442,2367,2404,196,499,775,16,00000001,00,00
15007,5700,25,24,46,2430,2352,2397,223,499,125,33,00000001,00,00
15007,5850,24,25,30,2416,2343,2380,188,499,35,14,00000001,00,00
15007,6000,25,26,29,2411,2343,2386,192,499,402,12,00000001,00,00
15007,6150,25,26,29,2412,2333,2386,190,499,781,11,00000001,00,00
15007,6300,26,26,29,2409,2327,2377,190,499,38,11,00000001,00,00
15007,6450,25,25,29,2396,2319,2374,187,500,32,10,00000001,00,00
15007,6600,25,25,29,2396,2324,2374,188,500,1632,10,00000001,00,00
15007,6750,25,26,29,2423,2341,2392,191,500,507,12,00000001,00,00
15007,6900,25,26,29,2423,2346,2401,193,499,1718,12,00000001,00,00
15007,7050,25,26,29,2418,2339,2399,192,499,1718,12,00000001,00,00
15007,7200,25,26,29,2425,2344,2395,192,499,1744,12,00000001,00,00
15007,7350,26,24,29,2419,2339,2387,190,500,964,10,00000001,00,00
15007,7500,26,25,45,2417,2333,2386,219,499,354,31,00000001,00,00
15007,7650,23,26,29,2401,2325,2378,185,499,1949,11,00000001,00,00
15007,7800,23,26,29,2396,2318,2366,183,500,1160,11,00000001,00,00
15007,7950,22,26,30,2393,2322,2363,184,500,970,12,00000001,00,00
15007,8100,22,24,29,2408,2331,2374,179,500,281,08,00000001,00,00
15007,8250,22,24,30,2424,2339,2389,179,500,401,09,00000001,00,00
15007,8400,24,26,29,2418,2343,2387,190,500,1801,13,00000001,00,00
15007,8550,23,26,29,2418,2345,2385,186,500,310,12,00000001,00,00
15007,8700,23,26,30,2420,2347,2389,189,499,257,13,00000001,00,00
15007,8850,21,25,31,2422,2348,2389,185,499,132,13,00000001,00,00
15007,9000,21,24,31,2425,2344,2393,180,500,559,11,00000001,00,00
15007,9150,24,26,31,2422,2337,2390,194,499,1818,16,00000001,00,00
15007,9300,23,26,46,2420,2338,2384,219,499,694,35,00000001,00,00
15007,9450,24,27,30,2422,2340,2391,194,499,1808,16,00000001,00,00
15007,9600,23,26,31,2414,2333,2383,187,499,942,14,00000001,00,00
15007,9750,24,24,31,2406,2317,2372,188,499,1872,14,00000001,00,00
15007,9900,23,26,31,2436,2339,2392,189,499,1908,14,00000001,00,00
15007,10050,24,27,31,2427,2340,2386,195,499,1803,16,00000001,00,00
15007,10200,23,27,31,2428,2340,2385,192,499,1072,14,00000001,00,00
15007,10350,24,27,31,2420,2334,2377,194,499,503,15,00000001,00,00
15007,10500,22,25,32,2410,2315,2370,186,499,296,13,00000001,00,00
15007,10650,24,26,32,2416,2315,2373,194,499,1576,16,00000001,00,00
15007,10800,23,28,33,2452,2337,2397,199,500,24,16,00000001,00,00
15007,10950,20,28,32,2472,2360,2420,193,500,140,14,00000001,00,00
15007,11100,21,29,48,2472,2360,2421,227,500,443,35,00000001,00,00
15007,11250,21,27,32,2463,2352,2415,193,501,343,11,00000001,00,00
15007,11400,21,27,32,2435,2334,2391,191,500,796,12,00000001,00,00
15007,11550,21,29,32,2446,2350,2405,195,499,72,13,00000001,00,00
15007,11700,21,28,32,2455,2361,2418,195,499,03,12,00000001,00,00
15007,11850,20,29,33,2455,2365,2419,197,500,1980,14,00000001,00,00
15007,12000,20,28,33,2431,2334,2392,194,500,1881,13,00000001,00,00
15007,12150,23,27,33,2428,2332,2394,196,500,108,11,00000001,00,00
15007,12300,20,28,32,2436,2348,2401,192,500,531,13,00000001,00,00
15007,12450,19,30,31,2450,2365,2404,193,500,12,13,00000001,00,00
15007,12600,21,29,32,2449,2367,2404,198,500,1208,14,00000001,00,00
15007,12750,23,29,32,2453,2369,2411,204,500,1837,15,00000001,00,00
15007,12900,23,28,48,2455,2369,2411,227,499,74,37,00000001,00,00
15007,13050,22,27,32,2463,2378,2426,196,499,1706,12,00000001,00,00
15007,13200,23,30,32,2451,2374,2418,205,500,1818,16,00000001,00,00
15007,13350,21,30,32,2458,2379,2423,201,499,1960,15,00000001,00,00
15007,13500,23,29,32,2460,2385,2427,204,500,1836,16,00000001,00,00
15007,13650,21,30,31,2458,2383,2422,199,500,1001,15,00000001,00,00
15007,13800,23,28,32,2463,2392,2432,200,499,491,16,00000001,00,00
15007,13950,21,28,32,2427,2359,2395,193,499,1266,13,00000001,00,00
15007,14100,22,30,32,2435,2366,2403,200,499,1914,15,00000001,00,00
15007,14250,21,30,32,2442,2376,2406,197,500,338,14,00000001,00,00
15008,00,20,30,32,2442,2376,2405,197,500,1890,13,00000001,00,00
15008,150,21,30,32,2433,2361,2398,197,499,1212,12,00000001,00,00
15008,300,19,28,46,2439,2364,2402,216,500,1491,31,00000001,00,00
15008,450,19,29,33,2439,2362,2403,194,499,243,15,00000001,00,00
15008,600,21,31,32,2449,2376,2415,200,499,1817,13,00000001,00,00
15008,750,18,31,32,2450,2375,2416,195,499,597,13,00000001,00,00
15008,900,18,30,33,2452,2380,2424,194,499,135,14,00000001,00,00
15008,1050,18,29,32,2458,2390,2429,191,500,793,12,00000001,00,00
15008,1200,18,28,31,2456,2385,2426,186,500,129,11,00000001,00,00
15008,1350,18,31,32,2444,2365,2407,193,499,15,14,00000001,00,00
15008,1500,20,31,32,2448,2369,2415,198,499,1023,13,00000001,00,00
15008,1650,18,31,32,2454,2374,2415,197,499,301,14,00000001,00,00
15008,1800,19,31,32,2458,2382,2415,197,500,287,15,00000001,00,00
15008,1950,21,30,32,2457,2381,2421,201,499,591,17,00000001,00,00
15008,2100,20,28,47,2459,2382,2421,219,499,209,35,00000001,00,00
15008,2250,21,30,31,2460,2388,2425,199,499,542,15,00000001,00,00
15008,2400,19,31,31,2467,2394,2430,196,500,1503,13,00000001,00,00
15008,2550,20,31,31,2468,2395,2436,200,499,1141,12,00000001,00,00
15008,2700,19,31,31,2456,2384,2420,197,499,799,13,00000001,00,00
15008,2850,20,28,30,2447,2375,2412,190,500,1207,12,00000001,00,00
15008,3000,19,29,30,2452,2382,2414,189,500,1651,10,00000001,00,00
15008,3150,21,31,30,2444,2372,2409,198,500,1114,12,00000001,00,00
15008,3300,20,31,31,2434,2366,2407,195,500,1509,12,00000001,00,00
15008,3450,21,31,31,2431,2361,2400,199,500,593,16,00000001,00,00
15008,3600,20,31,32,2415,2355,2393,197,500,1784,15,00000001,00,00
15008,3750,19,29,32,2406,2356,2390,191,500,04,14,00000001,00,00
15008,3900,18,28,48,2414,2360,2390,218,500,06,34,00000001,00,00
15008,4050,18,30,32,2415,2360,2397,192,500,349,16,00000001,00,00
15008,4200,19,31,31,2412,2358,2392,193,499,331,13,00000001,00,00
15008,4350,19,31,31,2406,2353,2386,192,499,628,10,00000001,00,00
15008,4500,20,31,31,2402,2347,2381,195,499,791,09,00000001,00,00
15008,4650,19,30,31,2404,2344,2378,189,499,269,09,00000001,00,00
15008,4800,19,29,31,2408,2350,2384,189,499,436,09,00000001,00,00
15008,4950,19,30,31,2414,2358,2390,191,499,209,09,00000001,00,00
15008,5100,21,31,30,2409,2353,2383,196,499,381,12,00000001,00,00
15008,5250,22,30,29,2406,2347,2381,194,500,1857,11,00000001,00,00
15008,5400,22,30,30,2401,2345,2378,194,499,235,10,00000001,00,00
15008,5550,22,30,30,2405,2344,2384,193,499,729,11,00000001,00,00
15008,5700,23,29,44,2400,2337,2374,215,499,1773,31,00000001,00,00
15008,5850,21,27,29,2411,2348,2385,185,499,327,07,00000001,00,00
15008,6000,23,28,29,2411,2341,2377,189,499,1331,09,00000001,00,00
15008,6150,22,29,29,2410,2340,2373,189,499,144,09,00000001,00,00
15008,6300,23,28,29,2415,2353,2378,192,500,571,11,00000001,00,00
15008,6450,22,29,29,2425,2362,2390,191,500,505,10,00000001,00,00
15008,6600,24,28,29,2420,2362,2387,193,500,1327,12,00000001,00,00
15008,6750,22,27,29,2424,2361,2392,184,500,1441,09,00000001,00,00
15008,6900,21,27,29,2422,2363,2384,185,500,546,09,00000001,00,00
15008,7050,21,29,28,2434,2364,2395,187,500,402,09,00000001,00,00
15008,7200,20,29,29,2428,2367,2398,186,500,1852,10,00000001,00,00
15008,7350,23,29,29,2405,2354,2379,193,499,1790,11,00000001,00,00
15008,7500,21,29,45,2405,2349,2382,215,499,1419,31,00000001,00,00
15008,7650,20,28,29,2395,2344,2373,181,500,284,09,00000001,00,00
15008,7800,20,26,29,2395,2334,2369,179,499,1173,08,00000001,00,00
15008,7950,20,26,29,2408,2345,2384,180,500,1203,08,00000001,00,00
15008,8100,20,28,29,2425,2361,2391,183,500,1021,10,00000001,00,00
15008,8250,21,28,29,2439,2382,2412,188,500,552,10,00000001,00,00
15008,8400,21,28,29,2434,2389,2414,189,500,1796,09,00000001,00,00
15008,8550,20,28,28,2425,2373,2401,184,500,1888,09,00000001,00,00
15008,8700,20,27,29,2426,2379,2413,183,500,944,09,00000001,00,00
15008,8850,20,26,29,2433,2394,2422,181,499,1881,08,00000001,00,00
15008,9000,21,27,29,2431,2389,2417,189,499,1847,09,00000001,00,00
15008,9150,21,28,45,2442,2394,2420,216,499,1269,31,00000001,00,00
15008,9300,22,28,29,2447,2398,2425,192,499,1500,10,00000001,00,00
15008,9450,24,28,29,2455,2392,2424,197,500,09,11,00000001,00,00
15008,9600,22,27,29,2451,2391,2423,190,500,1942,09,00000001,00,00
15008,9750,24,26,29,2443,2373,2412,189,500,1045,10,00000001,00,00
15008,9900,23,27,29,2433,2361,2401,187,500,1624,09,00000001,00,00
15008,10050,25,28,29,2424,2349,2389,193,500,1664,12,00000001,00,00
15008,10200,23,27,28,2413,2342,2372,186,500,571,10,00000001,00,00
15008,10350,23,26,29,2398,2330,2363,186,500,1055,10,00000001,00,00
15008,10500,23,27,29,2407,2337,2369,186,500,291,11,00000001,00,00
15008,10650,24,27,29,2410,2331,2366,193,500,160,13,00000001,00,00
15008,10800,23,26,31,2422,2347,2372,191,500,112,12,00000001,00,00
15008,10950,24,25,46,2429,2356,2371,215,500,205,32,00000001,00,00
15008,11100,23,27,31,2424,2343,2376,193,500,64,12,00000001,00,00
15008,11250,24,27,34,2425,2342,2379,203,500,115,16,00000001,00,00
15008,11400,22,28,33,2438,2354,2389,200,500,1187,16,00000001,00,00
15008,11550,22,29,34,2449,2366,2410,201,500,885,16,00000001,00,00
15008,11700,22,29,33,2461,2372,2424,202,500,230,15,00000001,00,00
15008,11850,22,27,33,2455,2370,2418,197,500,565,13,00000001,00,00
15008,12000,23,27,33,2438,2359,2400,198,500,131,12,00000001,00,00
15008,12150,23,28,32,2440,2365,2410,202,499,246,13,00000001,00,00
15008,12300,24,28,32,2448,2370,2416,205,499,04,13,00000001,00,00
15008,12450,22,29,32,2452,2384,2427,200,500,776,14,00000001,00,00
15008,12600,21,29,32,2439,2369,2404,197,499,526,14,00000001,00,00
15008,12750,22,29,48,2448,2371,2409,228,499,36,34,00000001,00,00
15008,12900,21,27,32,2451,2383,2419,195,499,375,12,00000001,00,00
15008,13050,22,26,32,2457,2390,2430,194,500,11,11,00000001,00,00
15008,13200,22,29,32,2437,2368,2407,201,499,255,14,00000001,00,00
15008,13350,23,29,32,2445,2376,2410,201,499,42,14,00000001,00,00
15008,13500,22,29,32,2441,2373,2410,198,500,126,14,00000001,00,00
15008,13650,22,29,32,2444,2373,2413,198,500,381,14,00000001,00,00
15008,13800,21,29,32,2448,2378,2414,197,499,30,14,00000001,00,00
15008,13950,22,29,32,2437,2370,2405,199,499,78,14,00000001,00,00
15008,14100,22,29,32,2435,2368,2399,198,499,85,14,00000001,00,00
15008,14250,25,28,31,2437,2365,2404,201,499,1122,12,00000001,00,00
15009,00,25,27,48,2437,2367,2404,228,500,285,36,00000001,00,00
15009,150,24,27,32,2436,2368,2401,197,499,591,13,00000001,00,00
15009,300,25,29,32,2424,2357,2393,207,499,548,15,00000001,00,00
15009,450,24,29,32,2419,2350,2394,203,499,720,14,00000001,00,00
15009,600,25,29,32,2416,2350,2391,205,499,1677,15,00000001,00,00
15009,750,24,29,32,2422,2351,2392,202,500,137,14,00000001,00,00
15009,900,25,29,32,2423,2357,2402,203,500,488,13,00000001,00,00
15009,1050,24,27,31,2424,2358,2400,195,500,1802,12,00000001,00,00
15009,1200,26,27,32,2425,2363,2404,203,499,1764,14,00000001,00,00
15009,1350,24,29,32,2429,2364,2404,203,499,1760,15,00000001,00,00
15009,1500,25,29,32,2440,2369,2410,206,500,1290,16,00000001,00,00
15009,1650,24,29,31,2446,2374,2410,203,500,1705,15,00000001,00,00
15009,1800,24,29,47,2449,2376,2414,229,500,105,36,00000001,00,00
15009,1950,23,28,32,2452,2382,2422,199,500,869,13,00000001,00,00
15009,2100,22,29,32,2451,2383,2421,199,500,474,13,00000001,00,00
15009,2250,22,27,32,2443,2379,2417,194,499,147,12,00000001,00,00
15009,2400,21,26,31,2447,2378,2416,188,500,125,11,00000001,00,00
15009,2550,21,29,32,2441,2376,2416,196,499,76,14,00000001,00,00
15009,2700,20,29,31,2440,2374,2414,195,500,59,14,00000001,00,00
15009,2850,22,30,31,2449,2385,2427,200,500,663,12,00000001,00,00
15009,3000,21,30,31,2444,2382,2421,197,500,18,11,00000001,00,00
15009,3150,20,29,31,2429,2366,2407,192,499,102,13,00000001,00,00
15009,3300,19,29,32,2420,2360,2401,190,499,14,15,00000001,00,00
15009,3450,20,27,32,2418,2359,2402,188,500,427,14,00000001,00,00
15009,3600,19,27,47,2419,2353,2399,217,499,69,35,00000001,00,00
15009,3750,19,29,32,2409,2350,2391,191,499,285,17,00000001,00,00
15009,3900,23,29,31,2402,2339,2382,199,500,745,15,00000001,00,00
15009,4050,21,29,30,2419,2353,2396,191,500,127,10,00000001,00,00
15009,4200,22,29,31,2410,2348,2389,194,500,294,10,00000001,00,00
15009,4350,19,30,30,2402,2339,2377,188,500,80,11,00000001,00,00
15009,4500,20,30,31,2412,2347,2389,190,500,22,11,00000001,00,00
15009,4650,19,29,31,2420,2356,2395,189,499,26,11,00000001,00,00
15009,4800,20,27,31,2419,2354,2395,186,500,01,08,00000001,00,00
15009,4950,21,27,30,2411,2352,2390,188,500,31,08,00000001,00,00
15009,5100,20,29,30,2402,2338,2379,185,499,55,09,00000001,00,00
15009,5250,21,29,29,2396,2330,2375,187,500,09,10,00000001,00,00
15009,5400,22,29,44,2399,2331,2374,214,499,36,31,00000001,00,00
15009,5550,24,29,29,2404,2331,2376,193,500,103,12,00000001,00,00
15009,5700,22,29,29,2425,2358,2399,192,500,719,10,00000001,00,00
15009,5850,24,28,29,2413,2345,2386,191,500,106,11,00000001,00,00
15009,6000,22,26,29,2409,2340,2383,183,500,19,06,00000001,00,00
15009,6150,23,27,29,2413,2346,2386,188,500,651,11,00000001,00,00
15009,6300,22,29,29,2410,2346,2385,190,500,486,11,00000001,00,00
15009,6450,23,29,29,2419,2348,2393,193,500,256,11,00000001,00,00
15009,6600,22,29,29,2428,2357,2401,190,500,1079,10,00000001,00,00
15009,6750,23,29,29,2429,2360,2403,193,499,557,11,00000001,00,00
15009,6900,23,29,29,2412,2342,2391,191,499,1934,10,00000001,00,00
15009,7050,22,27,45,2392,2321,2370,210,499,357,30,00000001,00,00
15009,7200,22,26,29,2411,2343,2376,183,500,819,08,00000001,00,00
15009,7350,22,28,29,2396,2323,2370,187,499,102,10,00000001,00,00
15009,7500,22,29,29,2418,2337,2387,188,500,691,10,00000001,00,00
15009,7650,22,28,29,2413,2345,2389,189,500,1810,11,00000001,00,00
15009,7800,22,27,29,2417,2349,2386,186,499,558,09,00000001,00,00
15009,7950,22,29,29,2421,2352,2391,191,499,174,10,00000001,00,00
15009,8100,20,29,29,2425,2369,2405,186,499,63,10,00000001,00,00
15009,8250,20,27,29,2447,2377,2420,181,500,00,07,00000001,00,00
15009,8400,19,27,29,2439,2371,2410,179,500,295,07,00000001,00,00
15009,8550,20,28,29,2424,2359,2392,182,499,32,08,00000001,00,00
15009,8700,19,29,29,2421,2358,2393,183,500,149,09,00000001,00,00
15009,8850,20,29,44,2427,2365,2399,213,500,46,30,00000001,00,00
15009,9000,21,29,29,2413,2354,2391,186,500,851,09,00000001,00,00
15009,9150,19,29,28,2418,2365,2389,181,499,1027,09,00000001,00,00
15009,9300,19,28,29,2427,2370,2394,181,499,508,10,00000001,00,00
15009,9450,21,27,28,2423,2368,2395,183,500,148,09,00000001,00,00
15009,9600,23,26,29,2417,2355,2394,185,500,192,11,00000001,00,00
15009,9750,21,27,28,2415,2348,2393,182,500,118,10,00000001,00,00
15009,9900,22,28,29,2402,2337,2383,188,500,247,11,00000001,00,00
15009,10050,21,28,29,2390,2325,2367,183,500,257,11,00000001,00,00
15009,10200,23,27,29,2406,2327,2378,186,500,663,12,00000001,00,00
15009,10350,21,28,30,2407,2326,2381,185,500,1878,11,00000001,00,00
15009,10500,22,27,39,2395,2300,2358,200,500,1731,24,00000001,00,00
15009,10650,21,25,37,2419,2314,2370,191,500,280,19,00000001,00,00
15009,10800,22,25,31,2418,2316,2377,184,500,928,12,00000001,00,00
15009,10950,22,27,30,2418,2321,2376,187,500,122,12,00000001,00,00
15009,11100,23,27,31,2433,2318,2371,191,500,1808,14,00000001,00,00
15009,11250,22,27,30,2442,2336,2384,188,500,262,13,00000001,00,00
15009,11400,20,28,30,2447,2339,2390,185,500,273,12,00000001,00,00
15009,11550,20,28,30,2462,2356,2413,188,500,03,11,00000001,00,00
15009,11700,20,28,31,2456,2356,2419,188,500,01,12,00000001,00,00
15009,11850,19,26,33,2458,2357,2414,186,500,144,14,00000001,00,00
15009,12000,22,26,32,2458,2361,2424,193,500,73,12,00000001,00,00
15009,12150,19,27,32,2445,2346,2408,187,500,210,15,00000001,00,00
15009,12300,18,28,49,2449,2356,2405,219,499,12,37,00000001,00,00
15009,12450,19,28,32,2453,2364,2418,190,500,102,15,00000001,00,00
15009,12600,19,28,32,2434,2345,2403,189,500,24,15,00000001,00,00
15009,12750,19,28,32,2439,2345,2402,188,500,147,15,00000001,00,00
15009,12900,20,27,32,2444,2352,2408,188,500,47,12,00000001,00,00
15009,13050,20,26,32,2454,2372,2423,188,500,02,12,00000001,00,00
15009,13200,19,27,32,2451,2366,2419,188,500,97,13,00000001,00,00
15009,13350,18,29,32,2412,2329,2378,188,500,196,15,00000001,00,00
15009,13500,21,29,32,2400,2318,2370,191,500,20,14,00000001,00,00
15009,13650,19,29,32,2404,2327,2377,189,500,125,14,00000001,00,00
15009,13800,20,29,32,2416,2331,2385,192,500,356,15,00000001,00,00
15009,13950,21,28,32,2410,2334,2382,191,499,500,15,00000001,00,00
15009,14100,20,28,48,2401,2325,2376,216,500,228,37,00000001,00,00
15009,14250,22,26,32,2413,2336,2389,191,500,105,16,00000001,00,00
15010,00,21,26,32,2425,2352,2402,188,500,26,15,00000001,00,00
15010,150,22,29,31,2432,2353,2403,196,499,1018,17,00000001,00,00
15010,300,20,28,31,2437,2358,2406,191,499,145,15,00000001,00,00
15010,450,21,29,32,2451,2375,2427,198,500,417,17,00000001,00,00
15010,600,19,29,32,2443,2379,2427,195,500,113,15,00000001,00,00
15010,750,20,29,32,2455,2395,2433,197,500,116,17,00000001,00,00
15010,900,20,29,32,2442,2382,2420,194,500,38,17,00000001,00,00
15010,1050,20,27,32,2439,2379,2416,190,500,101,16,00000001,00,00
15010,1200,20,27,31,2454,2393,2431,189,500,45,16,00000001,00,00
15010,1350,20,29,31,2454,2384,2426,194,500,17,17,00000001,00,00
15010,1500,21,28,48,2454,2383,2423,227,500,470,35,00000001,00,00
15010,1650,19,29,32,2465,2392,2430,194,500,00,14,00000001,00,00
15010,1800,16,30,31,2473,2398,2431,187,500,34,15,00000001,00,00
15010,1950,18,29,32,2449,2377,2414,188,499,105,14,00000001,00,00
15010,2100,17,29,32,2437,2363,2402,186,499,10,15,00000001,00,00
15010,2250,19,29,32,2428,2357,2391,190,499,97,13,00000001,00,00
15010,2400,19,27,32,2430,2361,2394,185,499,670,14,00000001,00,00
15010,2550,20,27,32,2433,2365,2398,188,499,222,12,00000001,00,00
15010,2700,21,28,32,2435,2371,2402,194,500,84,17,00000001,00,00
15010,2850,19,29,33,2434,2369,2400,192,499,432,19,00000001,00,00
15010,3000,21,29,34,2430,2372,2399,200,499,248,23,00000001,00,00
15010,3150,19,29,38,2420,2366,2390,201,499,222,27,00000001,00,00
15010,3300,21,28,46,2414,2359,2387,217,499,196,39,00000001,00,00
15010,3450,19,27,34,2413,2354,2386,190,499,50,20,00000001,00,00
15010,3600,20,26,33,2411,2349,2381,188,499,663,20,00000001,00,00
15010,3750,19,27,32,2408,2347,2376,184,500,105,16,00000001,00,00
15010,3900,20,29,32,2416,2355,2384,192,500,81,18,00000001,00,00
15010,4050,21,29,50,2410,2350,2376,224,499,143,36,00000001,00,00
15010,4200,18,28,81,2407,2344,2372,249,499,548,81,00000001,00,00
15010,4350,18,28,78,2422,2349,2375,242,499,478,77,00000001,00,00
15010,4500,19,29,77,2424,2355,2382,246,499,131,76,00000001,00,00
15010,4650,18,28,76,2420,2344,2376,241,500,656,75,00000001,00,00
15010,4800,17,26,74,2407,2337,2365,236,500,70,71,00000001,00,00
15010,4950,19,26,138,2399,2332,2363,395,500,559,150,00000001,00,00
15010,5100,81,27,269,2419,2348,2377,868,500,918,293,00000001,00,00
15010,5250,43,44,293,2423,2357,2384,857,500,197,324,00000001,00,00
15010,5400,27,126,286,2422,2357,2386,1017,500,11,262,00000001,00,00
15010,5550,111,207,170,2406,2348,2377,1136,500,366,147,00000001,00,00
15010,5700,339,326,99,2395,2342,2372,1791,500,541,298,00000001,00,00
15010,5850,328,341,95,2385,2332,2368,1781,499,658,308,00000001,00,00
15010,6000,336,350,93,2389,2334,2367,1818,500,679,320,00000001,00,00
15010,6150,350,368,142,2401,2348,2382,2029,500,521,282,00000001,00,00
15010,6300,369,366,255,2406,2348,2385,2349,499,432,142,00000001,00,00
15010,6450,364,385,203,2401,2340,2378,2250,500,497,222,00000001,00,00
15010,6600,371,430,252,2398,2336,2377,2486,499,455,208,00000001,00,00
15010,6750,350,387,222,2407,2349,2391,2275,499,513,197,00000001,00,00
15010,6900,337,363,157,2415,2362,2399,2032,500,557,256,00000001,00,00
15010,7050,338,355,103,2402,2358,2390,1879,500,598,317,00000001,00,00
15010,7200,303,298,120,2409,2365,2392,1707,499,616,234,00000001,00,00
15010,7350,308,298,159,2408,2362,2386,1818,499,518,186,00000001,00,00
15010,7500,202,304,145,2404,2349,2385,1534,499,569,191,00000001,00,00
15010,7650,128,298,170,2409,2354,2392,1405,499,597,188,00000001,00,00
15010,7800,141,311,131,2405,2347,2394,1365,499,690,228,00000001,00,00
15010,7950,133,314,88,2409,2354,2402,1247,499,877,267,00000001,00,00
15010,8100,137,277,153,2425,2365,2408,1335,499,722,202,00000001,00,00
15010,8250,73,209,98,2418,2363,2399,865,500,594,177,00000001,00,00
15010,8400,32,208,110,2425,2368,2406,793,499,1156,194,00000001,00,00
15010,8550,92,228,112,2417,2359,2400,1005,499,871,168,00000001,00,00
15010,8700,100,90,83,2417,2363,2399,616,500,1038,93,00000001,00,00
15010,8850,64,58,114,2421,2363,2400,523,500,1051,82,00000001,00,00
15010,9000,74,98,112,2423,2360,2396,630,499,701,87,00000001,00,00
15010,9150,87,98,54,2410,2348,2384,519,500,734,64,00000001,00,00
15010,9300,70,77,71,2411,2346,2382,466,500,1148,59,00000001,00,00
15010,9450,142,44,114,2395,2331,2364,671,500,910,122,00000001,00,00
15010,9600,127,41,198,2399,2332,2360,832,499,243,205,00000001,00,00
15010,9750,37,25,141,2406,2337,2372,436,500,1342,146,00000001,00,00
15010,9900,30,23,91,2398,2329,2364,328,500,227,80,00000001,00,00
15010,10050,27,24,60,2397,2321,2360,253,500,21,46,00000001,00,00
15010,10200,26,26,42,2395,2319,2358,210,499,581,23,00000001,00,00
15010,10350,27,26,34,2415,2337,2379,205,500,151,14,00000001,00,00
15010,10500,26,25,34,2403,2324,2368,202,500,708,13,00000001,00,00
15010,10650,31,25,35,2401,2315,2364,214,499,932,16,00000001,00,00
15010,10800,31,24,36,2413,2320,2364,216,500,1719,15,00000001,00,00
15010,10950,28,26,37,2412,2319,2368,216,500,1662,17,00000001,00,00
15010,11100,28,26,53,2443,2343,2393,250,500,702,39,00000001,00,00
15010,11250,27,26,36,2450,2360,2401,214,499,1752,17,00000001,00,00
15010,11400,27,26,36,2460,2370,2403,216,499,1626,17,00000001,00,00
15010,11550,28,25,36,2456,2367,2404,215,500,1122,14,00000001,00,00
15010,11700,27,25,36,2464,2369,2408,212,499,203,15,00000001,00,00
15010,11850,28,26,36,2464,2374,2413,219,500,1669,16,00000001,00,00
15010,12000,27,27,35,2465,2382,2419,217,500,73,16,00000001,00,00
15010,12150,28,27,36,2464,2381,2418,220,500,1658,16,00000001,00,00
15010,12300,27,27,36,2458,2372,2407,216,500,1696,15,00000001,00,00
15010,12450,28,26,36,2457,2373,2415,216,500,1589,12,00000001,00,00
15010,12600,27,26,36,2472,2387,2428,216,500,1487,14,00000001,00,00
15010,12750,28,28,36,2457,2371,2411,221,500,1633,16,00000001,00,00
15010,12900,28,28,52,2458,2379,2421,253,500,1532,36,00000001,00,00
15010,13050,26,28,36,2446,2361,2404,217,500,1735,16,00000001,00,00
15010,13200,27,28,36,2434,2361,2392,216,499,1696,15,00000001,00,00
15010,13350,28,27,36,2438,2370,2399,219,499,1578,14,00000001,00,00
15010,13500,28,27,35,2450,2380,2409,216,500,1666,12,00000001,00,00
15010,13650,27,29,35,2462,2394,2422,220,500,1686,13,00000001,00,00
15010,13800,29,29,35,2441,2379,2406,222,500,1636,13,00000001,00,00
15010,13950,28,29,35,2425,2366,2391,219,499,1711,13,00000001,00,00
15010,14100,27,29,35,2421,2360,2385,215,500,917,13,00000001,00,00
15010,14250,29,27,36,2422,2355,2380,220,500,949,12,00000001,00,00
15011,00,27,26,35,2427,2359,2386,212,499,1740,10,00000001,00,00
15011,150,27,28,35,2428,2364,2393,215,499,415,12,00000001,00,00
15011,300,27,28,50,2433,2364,2393,245,499,1616,31,00000001,00,00
15011,450,26,29,35,2432,2371,2399,218,499,44,12,00000001,00,00
15011,600,27,28,36,2436,2376,2399,218,500,353,13,00000001,00,00
15011,750,28,28,36,2442,2383,2402,222,500,1176,16,00000001,00,00
15011,900,28,27,37,2445,2387,2411,221,500,1730,16,00000001,00,00
15011,1050,28,27,35,2451,2392,2411,218,499,1111,15,00000001,00,00
15011,1200,28,29,35,2457,2396,2418,224,499,1618,17,00000001,00,00
15011,1350,28,29,36,2455,2389,2413,224,499,1687,17,00000001,00,00
15011,1500,27,29,36,2457,2388,2410,222,500,1677,14,00000001,00,00
15011,1650,26,29,35,2462,2392,2415,219,500,1717,12,00000001,00,00
15011,1800,26,29,36,2467,2398,2420,220,500,225,12,00000001,00,00
15011,1950,26,27,35,2468,2398,2422,215,499,1728,10,00000001,00,00
15011,2100,26,28,50,2470,2396,2419,244,499,789,31,00000001,00,00
15011,2250,26,30,35,2475,2407,2428,221,499,1785,12,00000001,00,00
15011,2400,26,30,35,2471,2403,2426,222,499,1762,11,00000001,00,00
15011,2550,26,30,35,2452,2385,2409,219,499,1640,11,00000001,00,00
15011,2700,27,29,36,2448,2386,2409,219,499,417,10,00000001,00,00
15011,2850,26,29,35,2447,2391,2414,219,500,74,11,00000001,00,00
15011,3000,26,27,35,2443,2390,2407,213,499,398,09,00000001,00,00
15011,3150,26,28,37,2439,2386,2405,217,499,1440,14,00000001,00,00
15011,3300,24,29,37,2439,2386,2405,216,499,1703,16,00000001,00,00
15011,3450,25,30,36,2439,2381,2406,219,499,1622,16,00000001,00,00
15011,3600,26,30,36,2433,2374,2398,221,499,1652,15,00000001,00,00
15011,3750,27,30,37,2418,2359,2386,224,499,1596,15,00000001,00,00
15011,3900,25,29,47,2397,2345,2371,232,499,1633,28,00000001,00,00
15011,4050,26,29,43,2407,2354,2376,227,499,1553,23,00000001,00,00
15011,4200,25,28,111,2425,2361,2381,372,500,88,108,00000001,00,00
15011,4350,26,27,225,2420,2351,2377,635,499,1210,252,00000001,00,00
15011,4500,25,29,132,2435,2371,2396,418,500,02,138,00000001,00,00
15011,4650,28,29,95,2421,2360,2387,340,499,243,91,00000001,00,00
15011,4800,25,28,91,2406,2338,2369,320,499,22,88,00000001,00,00
15011,4950,26,28,102,2398,2335,2365,341,500,237,102,00000001,00,00
15011,5100,163,32,98,2392,2330,2356,657,499,222,157,00000001,00,00
15011,5250,114,30,92,2387,2332,2364,522,499,60,121,00000001,00,00
15011,5400,38,27,163,2394,2331,2367,507,499,1148,170,00000001,00,00
15011,5550,57,34,113,2393,2334,2369,448,500,439,101,00000001,00,00
15011,5700,152,103,147,2385,2330,2360,924,500,839,118,00000001,00,00
15011,5850,213,172,100,2390,2336,2373,1130,500,733,145,00000001,00,00
15011,6000,227,180,138,2387,2332,2365,1278,500,619,148,00000001,00,00
15011,6150,204,198,149,2389,2333,2370,1294,500,567,115,00000001,00,00
15011,6300,280,192,233,2399,2345,2375,1672,500,522,104,00000001,00,00
15011,6450,283,277,230,2414,2354,2392,1881,500,463,99,00000001,00,00
15011,6600,274,308,251,2429,2370,2409,1996,500,476,79,00000001,00,00
15011,6750,329,276,315,2431,2378,2414,2210,500,415,146,00000001,00,00
15011,6900,338,357,213,2404,2355,2393,2157,500,448,226,00000001,00,00
15011,7050,364,535,166,2390,2345,2383,2509,500,507,424,00000001,00,00
15011,7200,351,464,175,2400,2349,2389,2341,500,533,338,00000001,00,00
15011,7350,236,297,147,2410,2358,2394,1610,500,87,192,00000001,00,00
15011,7500,154,107,145,2416,2369,2397,956,500,686,84,00000001,00,00
15011,7650,71,105,105,2424,2383,2414,636,500,839,78,00000001,00,00
15011,7800,65,108,80,2409,2370,2403,562,500,1001,57,00000001,00,00
15011,7950,74,113,74,2415,2381,2404,578,500,363,64,00000001,00,00
15011,8100,52,105,156,2427,2386,2419,723,500,1056,136,00000001,00,00
15011,8250,40,93,153,2415,2375,2402,655,500,995,119,00000001,00,00
15011,8400,35,91,84,2419,2377,2409,471,500,1097,67,00000001,00,00
15011,8550,48,98,98,2418,2376,2405,549,500,1048,88,00000001,00,00
15011,8700,72,145,152,2411,2364,2401,857,499,774,95,00000001,00,00
15011,8850,92,149,160,2410,2367,2397,936,499,736,113,00000001,00,00
15011,9000,134,139,167,2406,2359,2392,1034,499,704,79,00000001,00,00
15011,9150,55,108,99,2403,2358,2388,579,499,1152,92,00000001,00,00
15011,9300,40,37,171,2397,2353,2377,535,500,267,167,00000001,00,00
15011,9450,32,49,111,2389,2339,2374,406,499,1309,98,00000001,00,00
15011,9600,30,81,124,2385,2332,2367,522,499,1150,90,00000001,00,00
15011,9750,29,79,117,2383,2332,2362,496,500,1158,85,00000001,00,00
15011,9900,108,80,75,2391,2341,2364,592,499,918,69,00000001,00,00
15011,10050,130,81,51,2396,2345,2369,583,499,97,85,00000001,00,00
15011,10200,58,78,68,2391,2341,2365,444,500,1099,70,00000001,00,00
15011,10350,29,77,96,2394,2335,2367,439,500,1167,82,00000001,00,00
15011,10500,29,78,87,2389,2327,2358,414,500,1176,68,00000001,00,00
15011,10650,32,77,49,2393,2325,2355,326,500,1273,49,00000001,00,00
15011,10800,32,76,47,2439,2371,2397,325,499,1200,49,00000001,00,00
15011,10950,29,42,44,2426,2356,2386,235,499,1481,27,00000001,00,00
15011,11100,29,30,52,2445,2368,2400,256,500,483,36,00000001,00,00
15011,11250,28,29,37,2453,2375,2410,227,500,1638,14,00000001,00,00
15011,11400,28,28,38,2474,2384,2417,229,500,1606,14,00000001,00,00
15011,11550,30,31,38,2467,2379,2410,237,500,1582,18,00000001,00,00
15011,11700,29,31,38,2465,2382,2414,235,500,1245,16,00000001,00,00
15011,11850,29,31,38,2459,2386,2416,235,499,1621,17,00000001,00,00
15011,12000,29,29,38,2449,2377,2410,231,499,1625,14,00000001,00,00
15011,12150,29,29,38,2455,2391,2414,230,500,1607,13,00000001,00,00
15011,12300,29,31,38,2446,2373,2407,235,500,1601,15,00000001,00,00
15011,12450,30,31,37,2448,2369,2406,236,500,1568,16,00000001,00,00
15011,12600,30,30,37,2451,2375,2417,235,500,1623,14,00000001,00,00
15011,12750,29,29,37,2439,2366,2401,229,500,01,13,00000001,00,00
15011,12900,29,30,54,2439,2367,2401,263,500,1263,38,00000001,00,00
15011,13050,29,32,39,2438,2374,2410,237,500,1588,20,00000001,00,00
15011,13200,30,32,39,2445,2386,2417,237,500,1541,20,00000001,00,00
15011,13350,31,32,39,2446,2383,2417,231,500,1570,19,00000001,00,00
15011,13500,30,31,39,2453,2390,2426,233,500,38,18,00000001,00,00
15011,13650,30,30,39,2450,2386,2425,237,500,1662,16,00000001,00,00
15011,13800,30,30,39,2438,2378,2416,237,500,1644,17,00000001,00,00
15011,13950,32,32,39,2426,2367,2406,226,500,1543,20,00000001,00,00
15011,14100,30,32,39,2424,2370,2402,232,500,1557,19,00000001,00,00
15011,14250,33,32,39,2432,2375,2408,209,500,1523,20,00000001,00,00
15012,00,29,31,39,2440,2381,2416,235,500,1623,17,00000001,00,00
15012,150,30,30,39,2438,2384,2415,236,500,1600,17,00000001,00,00
15012,300,28,31,55,2448,2389,2423,267,500,1488,41,00000001,00,00
15012,450,29,32,39,2457,2396,2429,234,499,1543,21,00000001,00,00
15012,600,29,32,38,2458,2400,2434,237,500,1250,19,00000001,00,00
15012,750,32,32,38,2448,2389,2421,225,500,1507,20,00000001,00,00
15012,900,28,30,38,2443,2385,2415,232,500,1621,17,00000001,00,00
15012,1050,27,31,38,2449,2394,2422,231,499,09,13,00000001,00,00
15012,1200,26,32,38,2449,2394,2424,233,499,1658,15,00000001,00,00
15012,1350,27,32,39,2444,2383,2414,235,499,1631,16,00000001,00,00
15012,1500,28,32,39,2443,2378,2413,239,499,1596,17,00000001,00,00
15012,1650,28,32,38,2446,2382,2415,238,499,863,15,00000001,00,00
15012,1800,28,30,38,2450,2386,2417,234,499,1010,13,00000001,00,00
15012,1950,29,29,38,2455,2391,2421,233,500,1634,12,00000001,00,00
15012,2100,29,32,54,2460,2394,2424,263,499,505,35,00000001,00,00
15012,2250,28,33,38,2461,2402,2430,238,500,1627,14,00000001,00,00
15012,2400,28,32,38,2461,2405,2431,239,500,1597,14,00000001,00,00
15012,2550,29,32,38,2464,2408,2437,239,500,1567,15,00000001,00,00
15012,2700,29,33,38,2461,2403,2431,239,499,1557,14,00000001,00,00
15012,2850,28,30,38,2457,2402,2430,235,500,1656,13,00000001,00,00
15012,3000,29,31,38,2453,2397,2425,235,499,1637,12,00000001,00,00
15012,3150,28,33,38,2442,2390,2421,238,500,1052,15,00000001,00,00
15012,3300,28,33,37,2432,2377,2409,236,499,1270,14,00000001,00,00
15012,3450,29,33,38,2422,2371,2405,239,500,1621,15,00000001,00,00
15012,3600,29,33,37,2417,2360,2393,236,499,1564,14,00000001,00,00
15012,3750,30,31,38,2399,2344,2381,235,499,1620,12,00000001,00,00
15012,3900,29,30,54,2414,2360,2395,262,499,215,33,00000001,00,00
15012,4050,27,32,38,2425,2371,2402,232,500,1633,14,00000001,00,00
15012,4200,29,33,58,2408,2346,2375,273,500,243,40,00000001,00,00
15012,4350,31,32,155,2413,2349,2377,472,500,362,165,00000001,00,00
15012,4500,29,32,87,2416,2349,2389,334,500,1014,77,00000001,00,00
15012,4650,28,32,46,2407,2343,2382,249,499,52,25,00000001,00,00
15012,4800,28,30,43,2411,2354,2386,238,500,211,19,00000001,00,00
15012,4950,28,30,46,2417,2352,2380,241,500,1577,25,00000001,00,00
15012,5100,43,156,120,2392,2337,2365,722,500,945,137,00000001,00,00
15012,5250,110,541,246,2410,2348,2392,2120,500,416,438,00000001,00,00
15012,5400,112,579,171,2416,2362,2413,2040,500,313,539,00000001,00,00
15012,5550,110,586,128,2413,2360,2406,1942,500,610,578,00000001,00,00
15012,5700,162,586,106,2416,2361,2409,2006,500,675,580,00000001,00,00
15012,5850,151,555,121,2423,2366,2413,1944,499,336,532,00000001,00,00
15012,6000,164,544,121,2419,2365,2417,1949,499,357,513,00000001,00,00
15012,6150,222,472,185,2419,2371,2415,2074,499,594,351,00000001,00,00
15012,6300,323,448,230,2422,2371,2412,2387,499,434,248,00000001,00,00
15012,6450,235,393,278,2410,2360,2402,2150,500,462,179,00000001,00,00
End:
Finish: